numyear is 6
    0.0643    0.0403    0.0128    0.0133    0.0125    0.0117

     7


yearfind =

     0

yearfind is 0
